Given a [[wp:List (abstract data type)|List (abstract data type)]] of integer values, find all its maximal-length non-increasing subsequences. Categorize each of these subsequences by its percentage change using the following groups:

* Greater than 0% and less than 4%
* Greater than or equal to 4% and less than 8%
* Greater than or equal to 8% and less than 12%
* Greater than or equal to 12% and less than 16%
* Greater than or equal to 16% and less than 25%
* Greater than or equal to 25%

If we were to plot these values, we'd be looking for peaks and troughs, categorized by the difference between the local maximum and the local minimum, as a percentage of the local maximum.

[[File:Decreasing subsequence plot.png|thumb|center|alt=A plot highlighting decreasing contiguous subsequences|A plot highlighting decreasing contiguous subsequences]]

Using the following example sequence, display the count of subsequences per group.

<pre style="font-size: 12px">
90, 90, 90, 91, 91, 92, 92, 92, 91, 91, 91, 90, 90, 90, 89, 89, 88, 87, 87, 87, 86, 86, 86, 85, 85,
86, 86, 87, 87, 88, 89, 89, 89, 90, 90, 91, 91, 91, 92, 92, 92, 92, 92, 92, 92, 92, 92, 91, 91, 90,
90, 90, 90, 90, 89, 89, 89, 89, 88, 88, 88, 88, 88, 88, 88, 88, 88, 88, 88, 88, 89, 89, 89, 89, 89,
89, 90, 90, 90, 89, 89, 89, 89, 89, 89, 88, 88, 88, 88, 88, 88, 87, 88, 88, 88, 88, 88, 88, 88, 88,
88, 88, 88, 88, 88, 88, 88, 88, 88, 88, 88, 88, 88, 89, 89, 89, 89, 89, 88, 88, 88, 88, 88, 88, 89,
89, 89, 89, 89, 89, 89, 89, 88, 88, 88, 88, 88, 88, 88, 88, 87, 87, 87, 87, 87, 87, 87, 87, 87, 87,
87, 87, 88, 88, 88, 88, 88, 88, 88, 88, 88, 89, 89, 89, 89, 89, 89, 89, 88, 88, 88, 88, 88, 88, 88,
88, 88, 88, 88, 89, 89, 89, 89, 89, 89, 89, 89, 89, 89, 88, 88, 88, 87, 87, 87, 87, 86, 86, 86, 86,
86, 86, 87, 87, 87, 87, 87, 87, 87, 88, 88, 88, 88, 88, 88, 88, 88, 88, 89, 89, 89, 89, 89, 89, 89,
88, 88, 88, 88, 88, 87, 87, 87, 87, 87, 87, 87, 87, 87, 87, 87, 87, 87, 87, 87, 87, 87, 89, 89, 91,
94, 94, 95, 96, 96, 96, 97, 97, 96, 96, 96, 96, 95, 95, 94, 93, 93, 92, 92, 91, 91, 90, 89, 89, 88,
86, 86, 85, 83, 83, 81, 80, 80, 80, 79, 79, 79, 78, 78, 79, 81, 82, 82, 85, 89, 89, 91, 93, 93, 94,
95, 95, 95, 95, 95, 95, 95, 95, 95, 94, 94, 94, 94, 93, 93, 93, 92, 92, 91, 91, 91, 90, 90, 90, 88,
87, 87, 86, 85, 85, 84, 84, 84, 83, 84, 84, 84, 85, 86, 86, 87, 87, 87, 88, 88, 88, 89, 90, 90, 90,
91, 91, 92, 92, 92, 93, 94, 94, 94, 95, 95, 95, 95, 94, 94, 94, 93, 93, 93, 92, 92, 92, 91, 91, 90,
89, 89, 87, 86, 85, 85, 84, 83, 83, 82, 82, 82, 81, 81, 81, 81, 81, 81, 82, 85, 85, 86, 89, 89, 91,
92, 93, 93, 93, 94, 94, 94, 94, 94, 94, 94, 94, 94, 93, 93, 93, 92, 92, 92, 91, 91, 91, 90, 89, 89,
88, 88, 88, 87, 87, 87, 86, 86, 86, 85, 85, 85, 85, 85, 85, 86, 87, 87, 87, 88, 88, 88, 88, 88, 88,
89, 89, 89, 89, 89, 89, 90, 90, 90, 90, 91, 91, 92, 93, 93, 94, 94, 95, 95, 95, 96, 96, 96, 95, 95,
95, 94, 94, 93, 93, 93, 92, 90, 90, 89, 87, 87, 87, 85, 83, 83, 82, 81, 81, 81, 80, 80, 81, 81, 81,
81, 81, 81, 81, 81, 81, 81, 81, 81, 83, 86, 88, 88, 90, 91, 91, 91, 92, 92, 93, 93, 93, 94, 95, 95,
95, 96, 96, 96, 96, 96, 96, 96, 95, 95, 95, 95, 95, 94, 93, 93, 92, 92, 92, 91, 90, 90, 90, 90, 90,
91, 93, 93, 94, 94, 94, 94, 95, 94, 94, 94, 94, 94, 94, 93, 93, 93, 93, 93, 93, 92, 92, 92, 92, 92,
91, 91, 91, 91, 91, 91, 91, 91, 90, 90, 90, 90, 90, 90, 90, 90, 89, 89, 89, 89, 89, 89, 89, 89, 89,
89, 90, 90, 90, 90, 91, 91, 92, 93, 93, 93, 94, 94, 94, 94, 94, 94, 94, 94, 94, 95, 95, 95, 95, 95,
95, 95, 95, 95, 94, 93, 93, 93, 93, 93, 92, 92, 92, 91, 91, 91, 91, 90, 90, 90, 89, 89, 89, 88, 88,
88, 88, 88, 88, 88, 88, 88, 89, 89, 89, 89, 90, 90, 90, 90, 90, 90, 90, 90, 90, 90, 91, 91, 91, 91,
91, 91, 91, 91, 91, 91, 91, 91, 91, 91, 90, 90, 90, 90, 90, 90, 90, 90, 90, 90, 90, 90, 90, 91, 92,
92, 93, 93, 93, 93, 94, 94, 94, 93, 93, 93, 93, 93, 93, 92, 92, 92, 91, 91, 91, 90, 90, 90, 89, 88,
88, 87, 87, 87, 86, 86, 85, 85, 85, 86, 86, 86, 87, 87, 88, 88, 88, 89, 90, 90, 90, 91, 91, 91, 91,
91, 91, 91, 91, 91, 92, 92, 92, 93, 93, 93, 93, 93, 93, 93, 92, 92, 92, 91, 91, 90, 90, 90, 89, 88,
87, 87, 87, 86, 86, 86, 85, 85, 85, 85, 85, 85, 85, 85, 85, 85, 85, 86, 86, 86, 86, 87, 88, 88, 88,
89, 89, 90, 91, 91, 92, 93, 93, 93, 94, 94, 94, 94, 94, 94, 94, 94, 94, 93, 93, 93, 92, 92, 92, 91,
90, 90, 90, 89, 89, 88, 88, 88, 87, 87, 87, 87, 87, 87, 87, 87, 87, 87, 87, 87, 87, 87, 88, 88, 88,
90, 90, 91, 93, 93, 93, 93, 93, 94, 93, 93, 93, 93, 93, 93, 92, 92, 92, 91, 91, 91, 90, 90, 90, 89,
89, 89, 88, 87, 87, 87, 87, 87, 86, 87, 87, 87, 87, 87, 87, 87, 87, 87, 88, 88, 88, 88, 88, 88, 88,
89
</pre>

It's OK to hard code the example sequence or read it from a file. Plotting decreasing subsequences is optional.

